#NEXUS 

Begin trees;  [Treefile saved Mon Dec 04 10:43:27 2023]
[!
>Data file = ling_nexus.nex
>Heuristic search settings:
>  Optimality criterion = parsimony
>    Character-status summary:
>      Of 103 total characters:
>        All characters are of type 'unord'
>        All characters have equal weight
>        8 characters are constant (proportion = 0.0776699)
>        20 variable characters are parsimony-uninformative
>        Number of parsimony-informative characters = 75
>  Starting tree(s) obtained via stepwise addition
>    Addition sequence: random
>    Number of replicates = 25
>    Starting seed = generated automatically
>    Number of trees held at each step = 1
>  Branch-swapping algorithm: tree-bisection-reconnection (TBR) with reconnection limit = 8
>    Steepest descent option not in effect
>  'Maxtrees' setting = 100 (will not be increased)
>  Zero-length branches not collapsed
>  'MulTrees' option in effect
>  No topological constraints in effect
>  Trees are unrooted
>
>Search terminated prematurely (no room to store new trees)
>   100 trees retained
>  Time used = 0.47 sec (CPU time = 0.30 sec)
]
	Translate
		1 Adapazar,
		2 Akn,
		3 Alashkert,
		4 Altun.Husein,
		5 Amasia,
		6 Arabkir,
		7 Aramo,
		8 Arjesh,
		9 ArtialKuti,
		10 Artial.Suceava,
		11 Aslanbek,
		12 Aygetun,
		13 Ayntab,
		14 Baberd,
		15 Bardizag,
		16 Beylan,
		17 Bitlis,
		18 Charsanchag,
		19 Chmshgadzak,
		20 Constantinople,
		21 Crimea,
		22 Darende,
		23 EdesiaUrfa,
		24 Erznkay,
		25 Eudokia,
		26 Evereg,
		27 Gamakh,
		28 Gelieguzan.Sasun,
		29 Gop,
		30 Grabar,
		31 Gyumri,
		32 Gyurin,
		33 Hajin,
		34 HajiHabibli.Svedia,
		35 Halvorig,
		36 Hamshen.Mala,
		37 Hamshen.Martil,
		38 Hamshen.Zefanos,
		39 Hazzo,
		40 Jerusalem,
		41 Kesab.Galaduran,
		42 Kabusiye,
		43 Karin,
		44 Kesaria,
		45 KharberdDersim,
		46 Khodorjur,
		47 Malatya,
		48 Manazkert,
		49 Marash,
		50 Marzvan,
		51 Middle.Arm,
		52 Moks,
		53 Mush,
		54 Nicomedia,
		55 Nish,
		56 Ordu,
		57 Ozmi,
		58 Prknig,
		59 Rodosto,
		60 Sasun,
		61 Sebastia,
		62 Shabin.Karahisar,
		63 Shatakh,
		64 Shivrihisar,
		65 Smyrna,
		66 SWA,
		67 Syolyoz,
		68 Tigranakert,
		69 Tomarza,
		70 Trabzon,
		71 Van,
		72 Vartenis,
		73 Xlat,
		74 Xnus,
		75 Xtrbek,
		76 Yoghnoluk,
		77 YozgatGamirk,
		78 Zeytun,
		79 Shamakhi
		;
tree 'PAUP_1' = [&U] (1,((((((((2,18),((52,63),57)),(68,(71,72))),((((((((((((3,(((17,73),48),74)),53),8),29),((12,55),(28,39))),((9,10),16)),60),((30,46),79)),((((((((5,(15,54)),(((22,(26,44)),69),64)),65),50),((33,49),78)),77),((7,((34,42),(75,76))),51)),(11,(((25,(56,58)),59),41)))),((((13,23),(((36,37),38),70)),(14,(31,43))),(21,47))),((20,40),66)),62)),67),(4,((19,35),((24,27),45)))),6),32),61);
tree 'PAUP_2' = [&U] (1,((((((((2,18),((52,63),57)),(68,(71,72))),((((((((((((3,(((17,73),48),74)),53),8),29),((12,55),(28,39))),((9,10),16)),60),((30,46),79)),(((((((5,(15,54)),(((22,(26,44)),69),64)),65),50),((33,49),(77,78))),((7,((34,42),(75,76))),51)),(11,(((25,(56,58)),59),41)))),((((13,23),(((36,37),38),70)),(14,(31,43))),(21,47))),((20,40),66)),62)),67),(4,((19,35),((24,27),45)))),6),32),61);
tree 'PAUP_3' = [&U] (1,((((((((2,18),((52,63),57)),(68,(71,72))),((((((((((((3,(((17,73),48),74)),53),8),29),((12,55),(28,39))),((9,10),16)),60),((30,46),79)),(((((((5,(15,54)),(((22,(26,44)),69),64)),65),50),(((33,49),77),78)),((7,((34,42),(75,76))),51)),(11,(((25,(56,58)),59),41)))),((((13,23),(((36,37),38),70)),(14,(31,43))),(21,47))),((20,40),66)),62)),67),(4,((19,35),((24,27),45)))),6),32),61);
tree 'PAUP_4' = [&U] (1,((((((((2,18),((52,63),57)),(68,(71,72))),((((((((((((3,(((17,73),48),74)),53),8),29),((12,55),(28,39))),((9,10),16)),60),((30,46),79)),(((((((5,(15,54)),(((22,(26,44)),69),64)),65),(50,77)),((33,49),78)),((7,((34,42),(75,76))),51)),(11,(((25,(56,58)),59),41)))),((((13,23),(((36,37),38),70)),(14,(31,43))),(21,47))),((20,40),66)),62)),67),(4,((19,35),((24,27),45)))),6),32),61);
tree 'PAUP_5' = [&U] (1,((((((((2,18),((52,63),57)),(68,(71,72))),((((((((((((3,(((17,73),48),74)),53),8),29),((12,55),(28,39))),((9,10),16)),60),((30,46),79)),((((((((5,(15,54)),(((22,(26,44)),69),64)),65),77),50),((33,49),78)),((7,((34,42),(75,76))),51)),(11,(((25,(56,58)),59),41)))),((((13,23),(((36,37),38),70)),(14,(31,43))),(21,47))),((20,40),66)),62)),67),(4,((19,35),((24,27),45)))),6),32),61);
tree 'PAUP_6' = [&U] (1,((((((((2,18),((52,63),57)),(68,(71,72))),((((((((((((3,(((17,73),48),74)),53),8),29),((12,55),(28,39))),((9,10),16)),60),((30,46),79)),(((((((5,(15,54)),(((22,(26,44)),69),64)),65),50),((33,(49,77)),78)),((7,((34,42),(75,76))),51)),(11,(((25,(56,58)),59),41)))),((((13,23),(((36,37),38),70)),(14,(31,43))),(21,47))),((20,40),66)),62)),67),(4,((19,35),((24,27),45)))),6),32),61);
tree 'PAUP_7' = [&U] (1,((((((((2,18),((52,63),57)),(68,(71,72))),((((((((((((3,(((17,73),48),74)),53),8),29),((12,55),(28,39))),((9,10),16)),60),((30,46),79)),(((((((5,(15,54)),(((22,(26,44)),69),64)),65),50),(((33,77),49),78)),((7,((34,42),(75,76))),51)),(11,(((25,(56,58)),59),41)))),((((13,23),(((36,37),38),70)),(14,(31,43))),(21,47))),((20,40),66)),62)),67),(4,((19,35),((24,27),45)))),6),32),61);
tree 'PAUP_8' = [&U] (1,((((((((2,18),((52,63),57)),(68,(71,72))),((((((((((((3,(((17,73),48),74)),53),8),29),((12,55),(28,39))),((9,10),16)),60),((30,46),79)),(((((((5,(15,54)),(((22,(26,44)),69),64)),(65,77)),50),((33,49),78)),((7,((34,42),(75,76))),51)),(11,(((25,(56,58)),59),41)))),((((13,23),(((36,37),38),70)),(14,(31,43))),(21,47))),((20,40),66)),62)),67),(4,((19,35),((24,27),45)))),6),32),61);
tree 'PAUP_9' = [&U] (1,((((((((2,18),((52,63),57)),(68,(71,72))),((((((((((((3,(((17,73),48),74)),53),8),29),((12,55),(28,39))),((9,10),16)),60),((30,46),79)),((((((((5,(15,54)),(((22,(26,44)),69),64)),77),65),50),((33,49),78)),((7,((34,42),(75,76))),51)),(11,(((25,(56,58)),59),41)))),((((13,23),(((36,37),38),70)),(14,(31,43))),(21,47))),((20,40),66)),62)),67),(4,((19,35),((24,27),45)))),6),32),61);
tree 'PAUP_10' = [&U] (1,((((((((2,18),((52,63),57)),(68,(71,72))),((((((((((((3,(((17,73),48),74)),53),8),29),((12,55),(28,39))),((9,10),16)),60),((30,46),79)),(((((((5,(15,54)),((((22,(26,44)),69),64),77)),65),50),((33,49),78)),((7,((34,42),(75,76))),51)),(11,(((25,(56,58)),59),41)))),((((13,23),(((36,37),38),70)),(14,(31,43))),(21,47))),((20,40),66)),62)),67),(4,((19,35),((24,27),45)))),6),32),61);
tree 'PAUP_11' = [&U] (1,((((((((2,18),((52,63),57)),(68,(71,72))),((((((((((((3,(((17,73),48),74)),53),8),29),((12,55),(28,39))),((9,10),16)),60),((30,46),79)),((((((((5,(15,54)),77),(((22,(26,44)),69),64)),65),50),((33,49),78)),((7,((34,42),(75,76))),51)),(11,(((25,(56,58)),59),41)))),((((13,23),(((36,37),38),70)),(14,(31,43))),(21,47))),((20,40),66)),62)),67),(4,((19,35),((24,27),45)))),6),32),61);
tree 'PAUP_12' = [&U] (1,((((((((2,18),((52,63),57)),(68,(71,72))),((((((((((((3,(((17,73),48),74)),53),8),29),((12,55),(28,39))),((9,10),16)),60),((30,46),79)),(((((((5,(15,54)),(((22,(26,44)),69),64)),65),50),(((33,49),78),77)),((7,((34,42),(75,76))),51)),(11,(((25,(56,58)),59),41)))),((((13,23),(((36,37),38),70)),(14,(31,43))),(21,47))),((20,40),66)),62)),67),(4,((19,35),((24,27),45)))),6),32),61);
tree 'PAUP_13' = [&U] (1,((((((((2,18),((52,63),57)),(68,(71,72))),((((((((((((3,(((17,73),48),74)),53),8),29),((12,55),(28,39))),((9,10),16)),60),((30,46),79)),((((((((5,(15,54)),(((22,(26,44)),69),64)),65),50),77),((33,49),78)),((7,((34,42),(75,76))),51)),(11,(((25,(56,58)),59),41)))),((((13,23),(((36,37),38),70)),(14,(31,43))),(21,47))),((20,40),66)),62)),67),(4,((19,35),((24,27),45)))),6),32),61);
tree 'PAUP_14' = [&U] (1,((((((((2,18),((52,63),57)),(68,(71,72))),((((((((((((3,(((17,73),48),74)),53),8),29),((12,55),(28,39))),((9,10),16)),60),((30,46),79)),((((((((5,(15,54)),(((22,(26,44)),69),64)),65),50),((33,49),78)),77),((7,((34,42),(75,76))),51)),11)),((((13,23),(((36,37),38),70)),(14,(31,43))),((21,47),(((25,(56,58)),59),41)))),((20,40),66)),62)),67),(4,((19,35),((24,27),45)))),6),32),61);
tree 'PAUP_15' = [&U] (1,((((((((2,18),((52,63),57)),(68,(71,72))),((((((((((((3,(((17,73),48),74)),53),8),29),((12,55),(28,39))),((9,10),16)),60),((30,46),79)),(((((((5,(15,54)),((((22,(26,44)),69),64),65)),50),((33,49),78)),77),((7,((34,42),(75,76))),51)),(11,(((25,(56,58)),59),41)))),((((13,23),(((36,37),38),70)),(14,(31,43))),(21,47))),((20,40),66)),62)),67),(4,((19,35),((24,27),45)))),6),32),61);
tree 'PAUP_16' = [&U] (1,((((((((2,18),((52,63),57)),(68,(71,72))),((((((((((((3,(((17,73),48),74)),53),8),29),((12,55),(28,39))),((9,10),16)),60),((30,46),79)),(((((((5,(15,54)),65),((((22,(26,44)),69),64),50)),((33,49),78)),77),((7,((34,42),(75,76))),51)),(11,(((25,(56,58)),59),41)))),((((13,23),(((36,37),38),70)),(14,(31,43))),(21,47))),((20,40),66)),62)),67),(4,((19,35),((24,27),45)))),6),32),61);
tree 'PAUP_17' = [&U] (1,((((((((2,18),((52,63),57)),(68,(71,72))),((((((((((((3,(((17,73),48),74)),53),8),29),((12,55),(28,39))),((9,10),16)),60),((30,46),79)),((((((((5,(15,54)),65),50),(((22,(26,44)),69),64)),((33,49),78)),77),((7,((34,42),(75,76))),51)),(11,(((25,(56,58)),59),41)))),((((13,23),(((36,37),38),70)),(14,(31,43))),(21,47))),((20,40),66)),62)),67),(4,((19,35),((24,27),45)))),6),32),61);
tree 'PAUP_18' = [&U] (1,((((((((2,18),((52,63),57)),(68,(71,72))),((((((((((((3,(((17,73),48),74)),53),8),29),((12,55),(28,39))),((9,10),16)),60),((30,46),79)),(((((((5,(15,54)),65),50),((((22,(26,44)),69),64),((33,49),78))),77),((7,((34,42),(75,76))),51)),(11,(((25,(56,58)),59),41)))),((((13,23),(((36,37),38),70)),(14,(31,43))),(21,47))),((20,40),66)),62)),67),(4,((19,35),((24,27),45)))),6),32),61);
tree 'PAUP_19' = [&U] (1,((((((((2,18),((52,63),57)),(68,(71,72))),((((((((((((3,(((17,73),48),74)),53),8),29),((12,55),(28,39))),((9,10),16)),60),((30,46),79)),((((((((5,(15,54)),65),50),((33,49),78)),(((22,(26,44)),69),64)),77),((7,((34,42),(75,76))),51)),(11,(((25,(56,58)),59),41)))),((((13,23),(((36,37),38),70)),(14,(31,43))),(21,47))),((20,40),66)),62)),67),(4,((19,35),((24,27),45)))),6),32),61);
tree 'PAUP_20' = [&U] (1,((((((((2,18),((52,63),57)),(68,(71,72))),((((((((((((3,(((17,73),48),74)),53),8),29),((12,55),(28,39))),((9,10),16)),60),((30,46),79)),(((((((5,(15,54)),65),50),((33,49),78)),((((22,(26,44)),69),64),77)),((7,((34,42),(75,76))),51)),(11,(((25,(56,58)),59),41)))),((((13,23),(((36,37),38),70)),(14,(31,43))),(21,47))),((20,40),66)),62)),67),(4,((19,35),((24,27),45)))),6),32),61);
tree 'PAUP_21' = [&U] (1,((((((((2,18),((52,63),57)),(68,(71,72))),((((((((((((3,(((17,73),48),74)),53),8),29),((12,55),(28,39))),((9,10),16)),60),((30,46),79)),((((((((5,(15,54)),65),50),((33,49),78)),77),(((22,(26,44)),69),64)),((7,((34,42),(75,76))),51)),(11,(((25,(56,58)),59),41)))),((((13,23),(((36,37),38),70)),(14,(31,43))),(21,47))),((20,40),66)),62)),67),(4,((19,35),((24,27),45)))),6),32),61);
tree 'PAUP_22' = [&U] (1,((((((((2,18),((52,63),57)),(68,(71,72))),((((((((((((3,(((17,73),48),74)),53),8),29),((12,55),(28,39))),((9,10),16)),60),((30,46),79)),((((((((5,(15,54)),65),(((22,(26,44)),69),64)),50),((33,49),78)),77),((7,((34,42),(75,76))),51)),(11,(((25,(56,58)),59),41)))),((((13,23),(((36,37),38),70)),(14,(31,43))),(21,47))),((20,40),66)),62)),67),(4,((19,35),((24,27),45)))),6),32),61);
tree 'PAUP_23' = [&U] (1,(((((((((2,18),((52,63),57)),(68,(71,72))),(((((((((((3,(((17,73),48),74)),53),8),29),((12,55),(28,39))),((9,10),16)),60),((30,46),79)),((((((((5,(15,54)),(((22,(26,44)),69),64)),65),50),((33,49),78)),77),((7,((34,42),(75,76))),51)),(11,(((25,(56,58)),59),41)))),((((13,23),(((36,37),38),70)),(14,(31,43))),(21,47))),((20,40),66))),62),67),(4,((19,35),((24,27),45)))),6),32),61);
tree 'PAUP_24' = [&U] (1,((((((((2,18),((52,63),57)),(68,(71,72))),(((((((((((3,(((17,73),48),74)),53),8),29),((12,55),(28,39))),((9,10),(16,60))),((30,46),79)),((((((((5,(15,54)),(((22,(26,44)),69),64)),65),50),((33,49),78)),77),((7,((34,42),(75,76))),51)),(11,(((25,(56,58)),59),41)))),((((13,23),(((36,37),38),70)),(14,(31,43))),(21,47))),((20,40),66)),62)),67),(4,((19,35),((24,27),45)))),6),32),61);
tree 'PAUP_25' = [&U] (1,((((((((2,18),((52,63),57)),(68,(71,72))),(((((((((((3,(((17,73),48),74)),53),8),29),((12,55),(28,39))),(((9,10),60),16)),((30,46),79)),((((((((5,(15,54)),(((22,(26,44)),69),64)),65),50),((33,49),78)),77),((7,((34,42),(75,76))),51)),(11,(((25,(56,58)),59),41)))),((((13,23),(((36,37),38),70)),(14,(31,43))),(21,47))),((20,40),66)),62)),67),(4,((19,35),((24,27),45)))),6),32),61);
tree 'PAUP_26' = [&U] (1,((((((((2,18),((52,63),57)),(68,(71,72))),(((((((((((3,(((17,73),48),74)),53),8),29),(((12,55),(28,39)),60)),((9,10),16)),((30,46),79)),((((((((5,(15,54)),(((22,(26,44)),69),64)),65),50),((33,49),78)),77),((7,((34,42),(75,76))),51)),(11,(((25,(56,58)),59),41)))),((((13,23),(((36,37),38),70)),(14,(31,43))),(21,47))),((20,40),66)),62)),67),(4,((19,35),((24,27),45)))),6),32),61);
tree 'PAUP_27' = [&U] (1,((((((((2,18),((52,63),57)),(68,(71,72))),((((((((((((3,(((17,73),48),74)),53),8),29),60),((12,55),(28,39))),((9,10),16)),((30,46),79)),((((((((5,(15,54)),(((22,(26,44)),69),64)),65),50),((33,49),78)),77),((7,((34,42),(75,76))),51)),(11,(((25,(56,58)),59),41)))),((((13,23),(((36,37),38),70)),(14,(31,43))),(21,47))),((20,40),66)),62)),67),(4,((19,35),((24,27),45)))),6),32),61);
tree 'PAUP_28' = [&U] (1,((((((((2,18),((52,63),57)),(68,(71,72))),(((((((((((3,(((17,73),48),74)),53),8),29),((12,55),(28,39))),((9,10),16)),((30,46),79)),(((((((((5,(15,54)),(((22,(26,44)),69),64)),65),50),((33,49),78)),77),((7,((34,42),(75,76))),51)),60),(11,(((25,(56,58)),59),41)))),((((13,23),(((36,37),38),70)),(14,(31,43))),(21,47))),((20,40),66)),62)),67),(4,((19,35),((24,27),45)))),6),32),61);
tree 'PAUP_29' = [&U] (1,((((((((2,18),((52,63),57)),(68,(71,72))),(((((((((((3,(((17,73),48),74)),53),8),29),((12,55),(28,39))),((9,(10,60)),16)),((30,46),79)),((((((((5,(15,54)),(((22,(26,44)),69),64)),65),50),((33,49),78)),77),((7,((34,42),(75,76))),51)),(11,(((25,(56,58)),59),41)))),((((13,23),(((36,37),38),70)),(14,(31,43))),(21,47))),((20,40),66)),62)),67),(4,((19,35),((24,27),45)))),6),32),61);
tree 'PAUP_30' = [&U] (1,((((((((2,18),((52,63),57)),(68,(71,72))),(((((((((((3,(((17,73),48),74)),53),8),29),((12,55),(28,39))),(((9,60),10),16)),((30,46),79)),((((((((5,(15,54)),(((22,(26,44)),69),64)),65),50),((33,49),78)),77),((7,((34,42),(75,76))),51)),(11,(((25,(56,58)),59),41)))),((((13,23),(((36,37),38),70)),(14,(31,43))),(21,47))),((20,40),66)),62)),67),(4,((19,35),((24,27),45)))),6),32),61);
tree 'PAUP_31' = [&U] (1,((((((((2,18),((52,63),57)),(68,(71,72))),(((((((((((3,(((17,73),48),74)),53),8),29),((12,55),((28,39),60))),((9,10),16)),((30,46),79)),((((((((5,(15,54)),(((22,(26,44)),69),64)),65),50),((33,49),78)),77),((7,((34,42),(75,76))),51)),(11,(((25,(56,58)),59),41)))),((((13,23),(((36,37),38),70)),(14,(31,43))),(21,47))),((20,40),66)),62)),67),(4,((19,35),((24,27),45)))),6),32),61);
tree 'PAUP_32' = [&U] (1,((((((((2,18),((52,63),57)),(68,(71,72))),(((((((((((3,(((17,73),48),74)),53),8),29),(((12,55),60),(28,39))),((9,10),16)),((30,46),79)),((((((((5,(15,54)),(((22,(26,44)),69),64)),65),50),((33,49),78)),77),((7,((34,42),(75,76))),51)),(11,(((25,(56,58)),59),41)))),((((13,23),(((36,37),38),70)),(14,(31,43))),(21,47))),((20,40),66)),62)),67),(4,((19,35),((24,27),45)))),6),32),61);
tree 'PAUP_33' = [&U] (1,((((((((2,18),((52,63),57)),(68,(71,72))),(((((((((((3,(((17,73),48),74)),53),8),(29,60)),((12,55),(28,39))),((9,10),16)),((30,46),79)),((((((((5,(15,54)),(((22,(26,44)),69),64)),65),50),((33,49),78)),77),((7,((34,42),(75,76))),51)),(11,(((25,(56,58)),59),41)))),((((13,23),(((36,37),38),70)),(14,(31,43))),(21,47))),((20,40),66)),62)),67),(4,((19,35),((24,27),45)))),6),32),61);
tree 'PAUP_34' = [&U] (1,((((((((2,18),((52,63),57)),(68,(71,72))),((((((((((((3,(((17,73),48),74)),53),8),60),29),((12,55),(28,39))),((9,10),16)),((30,46),79)),((((((((5,(15,54)),(((22,(26,44)),69),64)),65),50),((33,49),78)),77),((7,((34,42),(75,76))),51)),(11,(((25,(56,58)),59),41)))),((((13,23),(((36,37),38),70)),(14,(31,43))),(21,47))),((20,40),66)),62)),67),(4,((19,35),((24,27),45)))),6),32),61);
tree 'PAUP_35' = [&U] (1,((((((((2,18),((52,63),57)),(68,(71,72))),(((((((((((3,(((17,73),48),74)),53),8),29),((12,55),(28,39))),((9,10),16)),((30,46),79)),((((((((5,(15,54)),(((22,(26,44)),69),64)),65),50),((33,49),78)),77),(((7,((34,42),(75,76))),51),60)),(11,(((25,(56,58)),59),41)))),((((13,23),(((36,37),38),70)),(14,(31,43))),(21,47))),((20,40),66)),62)),67),(4,((19,35),((24,27),45)))),6),32),61);
tree 'PAUP_36' = [&U] (1,((((((((2,18),((52,63),57)),(68,(71,72))),(((((((((((3,(((17,73),48),74)),53),8),29),((12,55),(28,39))),((9,10),16)),((30,46),79)),(((((((((5,(15,54)),(((22,(26,44)),69),64)),65),50),((33,49),78)),77),60),((7,((34,42),(75,76))),51)),(11,(((25,(56,58)),59),41)))),((((13,23),(((36,37),38),70)),(14,(31,43))),(21,47))),((20,40),66)),62)),67),(4,((19,35),((24,27),45)))),6),32),61);
tree 'PAUP_37' = [&U] (1,((((((((2,18),((52,63),57)),(68,(71,72))),(((((((((((3,(((17,73),48),74)),53),8),29),((12,55),(28,(39,60)))),((9,10),16)),((30,46),79)),((((((((5,(15,54)),(((22,(26,44)),69),64)),65),50),((33,49),78)),77),((7,((34,42),(75,76))),51)),(11,(((25,(56,58)),59),41)))),((((13,23),(((36,37),38),70)),(14,(31,43))),(21,47))),((20,40),66)),62)),67),(4,((19,35),((24,27),45)))),6),32),61);
tree 'PAUP_38' = [&U] (1,((((((((2,18),((52,63),57)),(68,(71,72))),(((((((((((3,(((17,73),48),74)),53),8),29),((12,55),((28,60),39))),((9,10),16)),((30,46),79)),((((((((5,(15,54)),(((22,(26,44)),69),64)),65),50),((33,49),78)),77),((7,((34,42),(75,76))),51)),(11,(((25,(56,58)),59),41)))),((((13,23),(((36,37),38),70)),(14,(31,43))),(21,47))),((20,40),66)),62)),67),(4,((19,35),((24,27),45)))),6),32),61);
tree 'PAUP_39' = [&U] (1,((((((((2,18),((52,63),57)),(68,(71,72))),(((((((((((3,(((17,73),48),74)),53),8),29),((12,(55,60)),(28,39))),((9,10),16)),((30,46),79)),((((((((5,(15,54)),(((22,(26,44)),69),64)),65),50),((33,49),78)),77),((7,((34,42),(75,76))),51)),(11,(((25,(56,58)),59),41)))),((((13,23),(((36,37),38),70)),(14,(31,43))),(21,47))),((20,40),66)),62)),67),(4,((19,35),((24,27),45)))),6),32),61);
tree 'PAUP_40' = [&U] (1,((((((((2,18),((52,63),57)),(68,(71,72))),(((((((((((3,(((17,73),48),74)),53),8),29),(((12,60),55),(28,39))),((9,10),16)),((30,46),79)),((((((((5,(15,54)),(((22,(26,44)),69),64)),65),50),((33,49),78)),77),((7,((34,42),(75,76))),51)),(11,(((25,(56,58)),59),41)))),((((13,23),(((36,37),38),70)),(14,(31,43))),(21,47))),((20,40),66)),62)),67),(4,((19,35),((24,27),45)))),6),32),61);
tree 'PAUP_41' = [&U] (1,((((((((2,18),((52,63),57)),(68,(71,72))),(((((((((((3,(((17,73),48),74)),53),(8,60)),29),((12,55),(28,39))),((9,10),16)),((30,46),79)),((((((((5,(15,54)),(((22,(26,44)),69),64)),65),50),((33,49),78)),77),((7,((34,42),(75,76))),51)),(11,(((25,(56,58)),59),41)))),((((13,23),(((36,37),38),70)),(14,(31,43))),(21,47))),((20,40),66)),62)),67),(4,((19,35),((24,27),45)))),6),32),61);
tree 'PAUP_42' = [&U] (1,((((((((2,18),((52,63),57)),(68,(71,72))),((((((((((((3,(((17,73),48),74)),53),60),8),29),((12,55),(28,39))),((9,10),16)),((30,46),79)),((((((((5,(15,54)),(((22,(26,44)),69),64)),65),50),((33,49),78)),77),((7,((34,42),(75,76))),51)),(11,(((25,(56,58)),59),41)))),((((13,23),(((36,37),38),70)),(14,(31,43))),(21,47))),((20,40),66)),62)),67),(4,((19,35),((24,27),45)))),6),32),61);
tree 'PAUP_43' = [&U] (1,((((((((2,18),((52,63),57)),(68,(71,72))),((((((((((((3,(((17,73),48),74)),53),8),29),((12,55),(28,39))),((9,10),16)),60),((30,46),79)),((((((((5,(15,54)),(((22,(26,44)),69),64)),65),50),((33,49),78)),77),((7,(34,(42,(75,76)))),51)),(11,(((25,(56,58)),59),41)))),((((13,23),(((36,37),38),70)),(14,(31,43))),(21,47))),((20,40),66)),62)),67),(4,((19,35),((24,27),45)))),6),32),61);
tree 'PAUP_44' = [&U] (1,((((((((2,18),((52,63),57)),(68,(71,72))),((((((((((((3,(((17,73),48),74)),53),8),29),((12,55),(28,39))),((9,10),16)),60),((30,46),79)),((((((((5,(15,54)),((((22,69),26),44),64)),65),50),((33,49),78)),77),((7,((34,42),(75,76))),51)),(11,(((25,(56,58)),59),41)))),((((13,23),(((36,37),38),70)),(14,(31,43))),(21,47))),((20,40),66)),62)),67),(4,((19,35),((24,27),45)))),6),32),61);
tree 'PAUP_45' = [&U] (1,((((((((2,18),((52,63),57)),(68,(71,72))),((((((((((((3,(((17,73),48),74)),53),8),29),((12,55),(28,39))),((9,10),16)),60),((30,46),79)),((((((((5,(15,54)),((((22,69),44),26),64)),65),50),((33,49),78)),77),((7,((34,42),(75,76))),51)),(11,(((25,(56,58)),59),41)))),((((13,23),(((36,37),38),70)),(14,(31,43))),(21,47))),((20,40),66)),62)),67),(4,((19,35),((24,27),45)))),6),32),61);
tree 'PAUP_46' = [&U] (1,((((((((2,18),((52,63),57)),(68,(71,72))),((((((((((((3,(((17,73),48),74)),53),8),29),((12,55),(28,39))),((9,10),16)),60),((30,46),79)),(((((((5,((15,54),(((22,(26,44)),69),64))),65),50),((33,49),78)),77),((7,((34,42),(75,76))),51)),(11,(((25,(56,58)),59),41)))),((((13,23),(((36,37),38),70)),(14,(31,43))),(21,47))),((20,40),66)),62)),67),(4,((19,35),((24,27),45)))),6),32),61);
tree 'PAUP_47' = [&U] (1,((((((((2,18),((52,63),57)),(68,(71,72))),((((((((((((3,(((17,73),48),74)),53),8),29),((12,55),(28,39))),((9,10),16)),60),((30,46),79)),((((((((5,(((22,(26,44)),69),64)),(15,54)),65),50),((33,49),78)),77),((7,((34,42),(75,76))),51)),(11,(((25,(56,58)),59),41)))),((((13,23),(((36,37),38),70)),(14,(31,43))),(21,47))),((20,40),66)),62)),67),(4,((19,35),((24,27),45)))),6),32),61);
tree 'PAUP_48' = [&U] (1,(((((((((2,18),((52,63),57)),(68,(71,72))),62),(((((((((((3,(((17,73),48),74)),53),8),29),((12,55),(28,39))),((9,10),16)),60),((30,46),79)),((((((((5,(15,54)),(((22,(26,44)),69),64)),65),50),((33,49),78)),77),((7,((34,42),(75,76))),51)),(11,(((25,(56,58)),59),41)))),((((13,23),(((36,37),38),70)),(14,(31,43))),(21,47))),((20,40),66))),67),(4,((19,35),((24,27),45)))),6),32),61);
tree 'PAUP_49' = [&U] (1,((((((((2,18),((52,63),57)),(68,(71,72))),(((((((((((3,(((17,73),48),74)),53),8),29),((12,55),(28,39))),(((9,10),16),60)),((30,46),79)),((((((((5,(15,54)),(((22,(26,44)),69),64)),65),50),((33,49),78)),77),((7,((34,42),(75,76))),51)),(11,(((25,(56,58)),59),41)))),((((13,23),(((36,37),38),70)),(14,(31,43))),(21,47))),((20,40),66)),62)),67),(4,((19,35),((24,27),45)))),6),32),61);
tree 'PAUP_50' = [&U] (1,((((((((2,18),((52,63),57)),(68,(71,72))),((((((((((((3,(((17,73),48),74)),53),8),29),((12,55),(28,39))),60),((9,10),16)),((30,46),79)),((((((((5,(15,54)),(((22,(26,44)),69),64)),65),50),((33,49),78)),77),((7,((34,42),(75,76))),51)),(11,(((25,(56,58)),59),41)))),((((13,23),(((36,37),38),70)),(14,(31,43))),(21,47))),((20,40),66)),62)),67),(4,((19,35),((24,27),45)))),6),32),61);
tree 'PAUP_51' = [&U] (1,((((((((2,18),((52,63),57)),(68,(71,72))),((((((((((((3,(((17,73),48),74)),53),8),29),((12,55),(28,39))),((9,10),16)),60),((30,46),79)),((((((((5,(15,54)),((22,(26,(44,69))),64)),65),50),((33,49),78)),77),((7,((34,42),(75,76))),51)),(11,(((25,(56,58)),59),41)))),((((13,23),(((36,37),38),70)),(14,(31,43))),(21,47))),((20,40),66)),62)),67),(4,((19,35),((24,27),45)))),6),32),61);
tree 'PAUP_52' = [&U] (1,((((((((2,18),((52,63),57)),(68,(71,72))),((((((((((((3,(((17,73),48),74)),53),8),29),((12,55),(28,39))),((9,10),16)),60),((30,46),79)),((((((((5,(15,54)),((22,((26,69),44)),64)),65),50),((33,49),78)),77),((7,((34,42),(75,76))),51)),(11,(((25,(56,58)),59),41)))),((((13,23),(((36,37),38),70)),(14,(31,43))),(21,47))),((20,40),66)),62)),67),(4,((19,35),((24,27),45)))),6),32),61);
tree 'PAUP_53' = [&U] (1,((((((((2,18),((52,63),57)),(68,(71,72))),((((((((((((3,(((17,73),48),74)),53),8),29),((12,55),(28,39))),((9,10),16)),60),((30,46),79)),((((((((5,(15,54)),(((22,(26,44)),69),64)),65),50),((33,49),78)),77),((7,((34,42),(75,76))),51)),(11,(((25,(56,58)),59),41)))),((((13,23),(((36,37),38),70)),(14,(31,43))),(21,47))),((20,40),66)),62)),(4,((19,35),((24,27),45)))),67),6),32),61);
tree 'PAUP_54' = [&U] (1,(((((((((2,18),((52,63),57)),(68,(71,72))),(((((((((((3,(((17,73),48),74)),53),8),29),((12,55),(28,39))),((9,10),16)),60),((30,46),79)),((((((((5,(15,54)),(((22,(26,44)),69),64)),65),50),((33,49),78)),77),((7,((34,42),(75,76))),51)),(11,(((25,(56,58)),59),41)))),((((13,23),(((36,37),38),70)),(14,(31,43))),(21,47))),((20,40),66))),62),(4,((19,35),((24,27),45)))),67),6),32),61);
tree 'PAUP_55' = [&U] (1,((((((((2,18),((52,63),57)),(68,(71,72))),(((((((((((3,(((17,73),48),74)),53),8),29),((12,55),(28,39))),((9,10),16)),60),((30,46),79)),((((((((5,(15,54)),(((22,(26,44)),69),64)),65),50),((33,49),78)),77),((7,((34,42),(75,76))),51)),(11,(((25,(56,58)),59),41)))),((((13,23),(((36,37),38),70)),(14,(31,43))),(21,47))),((20,40),66))),62),((4,((19,35),((24,27),45))),67)),6),32),61);
tree 'PAUP_56' = [&U] (1,(((((((((2,18),((52,63),57)),(68,(71,72))),62),(((((((((((3,(((17,73),48),74)),53),8),29),((12,55),(28,39))),((9,10),16)),60),((30,46),79)),((((((((5,(15,54)),(((22,(26,44)),69),64)),65),50),((33,49),78)),77),((7,((34,42),(75,76))),51)),(11,(((25,(56,58)),59),41)))),((((13,23),(((36,37),38),70)),(14,(31,43))),(21,47))),((20,40),66))),(4,((19,35),((24,27),45)))),67),6),32),61);
tree 'PAUP_57' = [&U] (1,((((((((2,18),((52,63),57)),(68,(71,72))),62),(((((((((((3,(((17,73),48),74)),53),8),29),((12,55),(28,39))),((9,10),16)),60),((30,46),79)),((((((((5,(15,54)),(((22,(26,44)),69),64)),65),50),((33,49),78)),77),((7,((34,42),(75,76))),51)),(11,(((25,(56,58)),59),41)))),((((13,23),(((36,37),38),70)),(14,(31,43))),(21,47))),((20,40),66))),((4,((19,35),((24,27),45))),67)),6),32),61);
tree 'PAUP_58' = [&U] (1,((((((((2,18),((52,63),57)),(68,(71,72))),((((((((((((3,(((17,73),48),74)),53),8),29),((12,55),(28,39))),((9,10),16)),60),((30,46),79)),((((((((5,(15,54)),(((22,(26,44)),69),64)),65),50),((33,49),78)),77),((7,((34,42),(75,76))),51)),(11,(((25,(56,58)),59),41)))),((((13,23),(((36,37),38),70)),(14,(31,43))),(21,47))),(20,(40,66))),62)),67),(4,((19,35),((24,27),45)))),6),32),61);
tree 'PAUP_59' = [&U] (1,((((((((2,18),((52,63),57)),(68,(71,72))),(((((((((((3,(((17,73),48),74)),(8,29)),53),((12,55),(28,39))),((9,10),16)),60),((30,46),79)),((((((((5,(15,54)),(((22,(26,44)),69),64)),65),50),((33,49),78)),77),((7,((34,42),(75,76))),51)),(11,(((25,(56,58)),59),41)))),((((13,23),(((36,37),38),70)),(14,(31,43))),(21,47))),((20,40),66)),62)),67),(4,((19,35),((24,27),45)))),6),32),61);
tree 'PAUP_60' = [&U] (1,((((((((2,18),((52,63),57)),(68,(71,72))),((((((((((3,(((17,73),48),74)),((8,29),53)),((12,55),(28,39))),((9,10),16)),60),((30,46),79)),((((((((5,(15,54)),(((22,(26,44)),69),64)),65),50),((33,49),78)),77),((7,((34,42),(75,76))),51)),(11,(((25,(56,58)),59),41)))),((((13,23),(((36,37),38),70)),(14,(31,43))),(21,47))),((20,40),66)),62)),67),(4,((19,35),((24,27),45)))),6),32),61);
tree 'PAUP_61' = [&U] (1,((((((((2,18),((52,63),57)),(68,(71,72))),((((((((((3,((8,29),53)),(((17,73),48),74)),((12,55),(28,39))),((9,10),16)),60),((30,46),79)),((((((((5,(15,54)),(((22,(26,44)),69),64)),65),50),((33,49),78)),77),((7,((34,42),(75,76))),51)),(11,(((25,(56,58)),59),41)))),((((13,23),(((36,37),38),70)),(14,(31,43))),(21,47))),((20,40),66)),62)),67),(4,((19,35),((24,27),45)))),6),32),61);
tree 'PAUP_62' = [&U] (1,((((((((2,18),((52,63),57)),(68,(71,72))),(((((((((3,(((8,29),53),(((17,73),48),74))),((12,55),(28,39))),((9,10),16)),60),((30,46),79)),((((((((5,(15,54)),(((22,(26,44)),69),64)),65),50),((33,49),78)),77),((7,((34,42),(75,76))),51)),(11,(((25,(56,58)),59),41)))),((((13,23),(((36,37),38),70)),(14,(31,43))),(21,47))),((20,40),66)),62)),67),(4,((19,35),((24,27),45)))),6),32),61);
tree 'PAUP_63' = [&U] (1,((((((((2,18),((52,63),57)),(68,(71,72))),(((((((((((3,((8,29),53)),((17,73),48)),74),((12,55),(28,39))),((9,10),16)),60),((30,46),79)),((((((((5,(15,54)),(((22,(26,44)),69),64)),65),50),((33,49),78)),77),((7,((34,42),(75,76))),51)),(11,(((25,(56,58)),59),41)))),((((13,23),(((36,37),38),70)),(14,(31,43))),(21,47))),((20,40),66)),62)),67),(4,((19,35),((24,27),45)))),6),32),61);
tree 'PAUP_64' = [&U] (1,((((((((2,18),((52,63),57)),(68,(71,72))),(((((((((((3,((8,29),53)),74),((17,73),48)),((12,55),(28,39))),((9,10),16)),60),((30,46),79)),((((((((5,(15,54)),(((22,(26,44)),69),64)),65),50),((33,49),78)),77),((7,((34,42),(75,76))),51)),(11,(((25,(56,58)),59),41)))),((((13,23),(((36,37),38),70)),(14,(31,43))),(21,47))),((20,40),66)),62)),67),(4,((19,35),((24,27),45)))),6),32),61);
tree 'PAUP_65' = [&U] (1,((((((((2,18),((52,63),57)),(68,(71,72))),((((((((((((3,(((17,73),48),74)),53),8),29),((12,55),(28,39))),((9,10),16)),60),((30,46),79)),((((((((5,(15,54)),((22,((26,44),69)),64)),65),50),((33,49),78)),77),((7,((34,42),(75,76))),51)),(11,(((25,(56,58)),59),41)))),((((13,23),(((36,37),38),70)),(14,(31,43))),(21,47))),((20,40),66)),62)),67),(4,((19,35),((24,27),45)))),6),32),61);
tree 'PAUP_66' = [&U] (1,((((((((2,18),((52,63),57)),(68,(71,72))),((((((((((((3,(((17,73),48),74)),53),8),29),((12,55),(28,39))),((9,10),16)),60),((30,46),79)),((((((((5,(15,54)),(((22,69),(26,44)),64)),65),50),((33,49),78)),77),((7,((34,42),(75,76))),51)),(11,(((25,(56,58)),59),41)))),((((13,23),(((36,37),38),70)),(14,(31,43))),(21,47))),((20,40),66)),62)),67),(4,((19,35),((24,27),45)))),6),32),61);
tree 'PAUP_67' = [&U] (1,(((((((2,18),((52,63),57)),(68,(71,72))),((((((((((((3,(((17,73),48),74)),53),8),29),((12,55),(28,39))),((9,10),16)),60),((30,46),79)),((((((((5,(15,54)),(((22,(26,44)),69),64)),65),50),((33,49),78)),77),((7,((34,42),(75,76))),51)),(11,(((25,(56,58)),59),41)))),((((13,23),(((36,37),38),70)),(14,(31,43))),(21,47))),((20,40),66)),62)),((4,((19,35),((24,27),45))),67)),6),32),61);
tree 'PAUP_68' = [&U] (1,((((((((2,18),((52,63),57)),(68,(71,72))),((((((((((((3,(((17,73),48),74)),53),8),29),((12,55),(28,39))),((9,10),16)),60),((30,46),79)),((((((((5,(15,54)),(((22,(26,44)),69),64)),65),50),((33,49),78)),77),((7,((34,42),(75,76))),51)),(11,(((25,(56,58)),59),41)))),(((13,(23,(((36,37),38),70))),(14,(31,43))),(21,47))),((20,40),66)),62)),67),(4,((19,35),((24,27),45)))),6),32),61);
tree 'PAUP_69' = [&U] (1,((((((((2,18),((52,63),57)),(68,(71,72))),((((((((((((3,(((17,73),48),74)),53),8),29),((12,55),(28,39))),((9,10),16)),60),((30,46),79)),((((((((5,(15,54)),(((22,(26,44)),69),64)),65),50),((33,49),78)),77),((7,((34,42),(75,76))),51)),(11,(((25,(56,58)),59),41)))),((((13,(((36,37),38),70)),23),(14,(31,43))),(21,47))),((20,40),66)),62)),67),(4,((19,35),((24,27),45)))),6),32),61);
tree 'PAUP_70' = [&U] (1,((((((((2,18),((52,63),57)),(68,(71,72))),((((((((((((3,(((17,73),48),74)),53),8),29),((12,55),(28,39))),((9,10),16)),60),((30,46),79)),((((((((5,(15,54)),(((22,(26,44)),69),64)),65),50),((33,49),78)),77),((7,((34,42),(75,76))),51)),(11,(((25,(56,58)),59),41)))),(((13,(14,(31,43))),(23,(((36,37),38),70))),(21,47))),((20,40),66)),62)),67),(4,((19,35),((24,27),45)))),6),32),61);
tree 'PAUP_71' = [&U] (1,((((((((2,18),((52,63),57)),(68,(71,72))),((((((((((((3,(((17,73),48),74)),53),8),29),((12,55),(28,39))),((9,10),16)),60),((30,46),79)),((((((((5,(15,54)),(((22,(26,44)),69),64)),65),50),((33,49),78)),77),((7,((34,42),(75,76))),51)),(11,(((25,(56,58)),59),41)))),((13,((14,(31,43)),(23,(((36,37),38),70)))),(21,47))),((20,40),66)),62)),67),(4,((19,35),((24,27),45)))),6),32),61);
tree 'PAUP_72' = [&U] (1,((((((((2,18),((52,63),57)),(68,(71,72))),((((((((((((3,(((17,73),48),74)),53),8),29),((12,55),(28,39))),((9,10),16)),60),((30,46),79)),((((((((5,(15,54)),(((22,(26,44)),69),64)),65),50),((33,49),78)),77),((7,((34,42),(75,76))),51)),(11,(((25,(56,58)),59),41)))),(((((13,70),((36,37),38)),23),(14,(31,43))),(21,47))),((20,40),66)),62)),67),(4,((19,35),((24,27),45)))),6),32),61);
tree 'PAUP_73' = [&U] (1,((((((((2,18),((52,63),57)),(68,(71,72))),((((((((((((3,(((17,73),48),74)),53),8),29),((12,55),(28,39))),((9,10),16)),60),((30,46),79)),((((((((5,(15,54)),(((22,(26,44)),69),64)),65),50),((33,49),78)),77),((7,((34,42),(75,76))),51)),(11,(((25,(56,58)),59),41)))),(((((13,((36,37),38)),70),23),(14,(31,43))),(21,47))),((20,40),66)),62)),67),(4,((19,35),((24,27),45)))),6),32),61);
tree 'PAUP_74' = [&U] (1,((((((((2,18),((52,63),57)),(68,(71,72))),((((((((((((3,(((17,73),48),74)),53),8),29),((12,55),(28,39))),((9,10),16)),60),((30,46),79)),((((((((5,(15,54)),(((22,(26,44)),69),64)),65),50),((33,49),78)),77),((7,((34,42),(75,76))),51)),(11,(((25,(56,58)),59),41)))),((13,(21,47)),((14,(31,43)),(23,(((36,37),38),70))))),((20,40),66)),62)),67),(4,((19,35),((24,27),45)))),6),32),61);
tree 'PAUP_75' = [&U] (1,((((((((2,18),((52,63),57)),(68,(71,72))),((((((((((((3,(((17,73),48),74)),53),8),29),((12,55),(28,39))),((9,10),16)),60),((30,46),79)),((((((((5,(15,54)),(((22,(26,44)),69),64)),65),50),((33,49),78)),77),((7,((34,42),(75,76))),51)),(11,(((25,(56,58)),59),41)))),(13,(((14,(31,43)),(23,(((36,37),38),70))),(21,47)))),((20,40),66)),62)),67),(4,((19,35),((24,27),45)))),6),32),61);
tree 'PAUP_76' = [&U] (1,((((((((2,18),((52,63),57)),(68,(71,72))),((((((((((((3,(((17,73),48),74)),53),8),29),((12,55),(28,39))),((9,10),16)),60),((30,46),79)),((((((((5,(15,54)),(((22,(26,44)),69),64)),65),50),((33,49),78)),77),((7,((34,42),(75,76))),51)),(11,(((25,(56,58)),59),41)))),((((13,(31,43)),14),(23,(((36,37),38),70))),(21,47))),((20,40),66)),62)),67),(4,((19,35),((24,27),45)))),6),32),61);
tree 'PAUP_77' = [&U] (1,((((((((2,18),((52,63),57)),(68,(71,72))),((((((((((((3,(((17,73),48),74)),53),8),29),((12,55),(28,39))),((9,10),16)),60),((30,46),79)),((((((((5,(15,54)),(((22,(26,44)),69),64)),65),50),((33,49),78)),77),((7,((34,42),(75,76))),51)),(11,(((25,(56,58)),59),41)))),((((13,14),(31,43)),(23,(((36,37),38),70))),(21,47))),((20,40),66)),62)),67),(4,((19,35),((24,27),45)))),6),32),61);
tree 'PAUP_78' = [&U] (1,((((((((2,18),((52,63),57)),(68,(71,72))),((((((((((((3,(((17,73),48),74)),53),8),29),((12,55),(28,39))),((9,10),16)),60),((30,46),79)),((((((((5,(15,54)),(((22,(26,44)),69),64)),65),50),((33,49),78)),77),((7,((34,42),(75,76))),51)),(11,(((25,(56,58)),59),41)))),((((((13,38),(36,37)),70),23),(14,(31,43))),(21,47))),((20,40),66)),62)),67),(4,((19,35),((24,27),45)))),6),32),61);
tree 'PAUP_79' = [&U] (1,((((((((2,18),((52,63),57)),(68,(71,72))),((((((((((((3,(((17,73),48),74)),53),8),29),((12,55),(28,39))),((9,10),16)),60),((30,46),79)),((((((((5,(15,54)),(((22,(26,44)),69),64)),65),50),((33,49),78)),77),((7,((34,42),(75,76))),51)),(11,(((25,(56,58)),59),41)))),((((((13,(36,37)),38),70),23),(14,(31,43))),(21,47))),((20,40),66)),62)),67),(4,((19,35),((24,27),45)))),6),32),61);
tree 'PAUP_80' = [&U] (1,((((((((2,18),((52,63),57)),(68,(71,72))),(((((((((((((3,(((17,73),48),74)),53),8),29),((12,55),(28,39))),((9,10),16)),60),((30,46),79)),((((((((5,(15,54)),(((22,(26,44)),69),64)),65),50),((33,49),78)),77),((7,((34,42),(75,76))),51)),(11,(((25,(56,58)),59),41)))),13),(((14,(31,43)),(23,(((36,37),38),70))),(21,47))),((20,40),66)),62)),67),(4,((19,35),((24,27),45)))),6),32),61);
tree 'PAUP_81' = [&U] (1,((((((((2,18),((52,63),57)),(68,(71,72))),(((((((((((((3,(((17,73),48),74)),53),8),29),((12,55),(28,39))),((9,10),16)),60),((30,46),79)),((((((((5,(15,54)),(((22,(26,44)),69),64)),65),50),((33,49),78)),77),((7,((34,42),(75,76))),51)),(11,(((25,(56,58)),59),41)))),(((14,(31,43)),(23,(((36,37),38),70))),(21,47))),13),((20,40),66)),62)),67),(4,((19,35),((24,27),45)))),6),32),61);
tree 'PAUP_82' = [&U] (1,((((((((2,18),((52,63),57)),(68,(71,72))),((((((((((((3,(((17,73),48),74)),53),8),29),((12,55),(28,39))),((9,10),16)),60),((30,46),79)),((((((((5,(15,54)),(((22,(26,44)),69),64)),65),50),((33,49),78)),77),((7,((34,42),(75,76))),51)),(11,(((25,(56,58)),59),41)))),(((13,47),21),((14,(31,43)),(23,(((36,37),38),70))))),((20,40),66)),62)),67),(4,((19,35),((24,27),45)))),6),32),61);
tree 'PAUP_83' = [&U] (1,((((((((2,18),((52,63),57)),(68,(71,72))),((((((((((((3,(((17,73),48),74)),53),8),29),((12,55),(28,39))),((9,10),16)),60),((30,46),79)),((((((((5,(15,54)),(((22,(26,44)),69),64)),65),50),((33,49),78)),77),((7,((34,42),(75,76))),51)),(11,(((25,(56,58)),59),41)))),(((13,21),47),((14,(31,43)),(23,(((36,37),38),70))))),((20,40),66)),62)),67),(4,((19,35),((24,27),45)))),6),32),61);
tree 'PAUP_84' = [&U] (1,((((((((2,18),((52,63),57)),(68,(71,72))),((((((((((((3,(((17,73),48),74)),53),8),29),((12,55),(28,39))),((9,10),16)),60),((30,46),79)),((((((((5,(15,54)),(((22,(26,44)),69),64)),65),50),((33,49),78)),77),((7,((34,42),(75,76))),51)),(11,(((25,(56,58)),59),41)))),(((((13,43),31),14),(23,(((36,37),38),70))),(21,47))),((20,40),66)),62)),67),(4,((19,35),((24,27),45)))),6),32),61);
tree 'PAUP_85' = [&U] (1,((((((((2,18),((52,63),57)),(68,(71,72))),((((((((((((3,(((17,73),48),74)),53),8),29),((12,55),(28,39))),((9,10),16)),60),((30,46),79)),((((((((5,(15,54)),(((22,(26,44)),69),64)),65),50),((33,49),78)),77),((7,((34,42),(75,76))),51)),(11,(((25,(56,58)),59),41)))),(((((13,31),43),14),(23,(((36,37),38),70))),(21,47))),((20,40),66)),62)),67),(4,((19,35),((24,27),45)))),6),32),61);
tree 'PAUP_86' = [&U] (1,((((((((2,18),((52,63),57)),(68,(71,72))),((((((((((((3,(((17,73),48),74)),53),8),29),((12,55),(28,39))),((9,10),16)),60),((30,46),79)),((((((((5,(15,54)),(((22,(26,44)),69),64)),65),50),((33,49),78)),77),((7,((34,42),(75,76))),51)),(11,(((25,(56,58)),59),41)))),(((((((13,37),36),38),70),23),(14,(31,43))),(21,47))),((20,40),66)),62)),67),(4,((19,35),((24,27),45)))),6),32),61);
tree 'PAUP_87' = [&U] (1,((((((((2,18),((52,63),57)),(68,(71,72))),((((((((((((3,(((17,73),48),74)),53),8),29),((12,55),(28,39))),((9,10),16)),60),((30,46),79)),((((((((5,(15,54)),(((22,(26,44)),69),64)),65),50),((33,49),78)),77),((7,((34,42),(75,76))),51)),(11,(((25,(56,58)),59),41)))),(((((((13,36),37),38),70),23),(14,(31,43))),(21,47))),((20,40),66)),62)),67),(4,((19,35),((24,27),45)))),6),32),61);
tree 'PAUP_88' = [&U] (1,((((((((2,18),((52,63),57)),(68,(71,72))),(((((((((((3,(((17,73),48),74)),(29,53)),8),((12,55),(28,39))),((9,10),16)),60),((30,46),79)),((((((((5,(15,54)),(((22,(26,44)),69),64)),65),50),((33,49),78)),77),((7,((34,42),(75,76))),51)),(11,(((25,(56,58)),59),41)))),((((13,23),(((36,37),38),70)),(14,(31,43))),(21,47))),((20,40),66)),62)),67),(4,((19,35),((24,27),45)))),6),32),61);
tree 'PAUP_89' = [&U] (1,((((((((2,18),((52,63),57)),(68,(71,72))),((((((((((((3,(((17,73),48),74)),29),53),8),((12,55),(28,39))),((9,10),16)),60),((30,46),79)),((((((((5,(15,54)),(((22,(26,44)),69),64)),65),50),((33,49),78)),77),((7,((34,42),(75,76))),51)),(11,(((25,(56,58)),59),41)))),((((13,23),(((36,37),38),70)),(14,(31,43))),(21,47))),((20,40),66)),62)),67),(4,((19,35),((24,27),45)))),6),32),61);
tree 'PAUP_90' = [&U] (1,((((((((2,18),((52,63),57)),(68,(71,72))),(((((((((((3,((((17,73),48),74),29)),53),8),((12,55),(28,39))),((9,10),16)),60),((30,46),79)),((((((((5,(15,54)),(((22,(26,44)),69),64)),65),50),((33,49),78)),77),((7,((34,42),(75,76))),51)),(11,(((25,(56,58)),59),41)))),((((13,23),(((36,37),38),70)),(14,(31,43))),(21,47))),((20,40),66)),62)),67),(4,((19,35),((24,27),45)))),6),32),61);
tree 'PAUP_91' = [&U] (1,((((((((2,18),((52,63),57)),(68,(71,72))),((((((((((((3,29),(((17,73),48),74)),53),8),((12,55),(28,39))),((9,10),16)),60),((30,46),79)),((((((((5,(15,54)),(((22,(26,44)),69),64)),65),50),((33,49),78)),77),((7,((34,42),(75,76))),51)),(11,(((25,(56,58)),59),41)))),((((13,23),(((36,37),38),70)),(14,(31,43))),(21,47))),((20,40),66)),62)),67),(4,((19,35),((24,27),45)))),6),32),61);
tree 'PAUP_92' = [&U] (1,((((((((2,18),((52,63),57)),(68,(71,72))),(((((((((((3,(((17,73),48),(29,74))),53),8),((12,55),(28,39))),((9,10),16)),60),((30,46),79)),((((((((5,(15,54)),(((22,(26,44)),69),64)),65),50),((33,49),78)),77),((7,((34,42),(75,76))),51)),(11,(((25,(56,58)),59),41)))),((((13,23),(((36,37),38),70)),(14,(31,43))),(21,47))),((20,40),66)),62)),67),(4,((19,35),((24,27),45)))),6),32),61);
tree 'PAUP_93' = [&U] (1,((((((((2,18),((52,63),57)),(68,(71,72))),(((((((((((3,((((17,73),48),29),74)),53),8),((12,55),(28,39))),((9,10),16)),60),((30,46),79)),((((((((5,(15,54)),(((22,(26,44)),69),64)),65),50),((33,49),78)),77),((7,((34,42),(75,76))),51)),(11,(((25,(56,58)),59),41)))),((((13,23),(((36,37),38),70)),(14,(31,43))),(21,47))),((20,40),66)),62)),67),(4,((19,35),((24,27),45)))),6),32),61);
tree 'PAUP_94' = [&U] (1,((((((((2,18),((52,63),57)),(68,(71,72))),(((((((((((3,(8,53)),(((17,73),48),74)),29),((12,55),(28,39))),((9,10),16)),60),((30,46),79)),((((((((5,(15,54)),(((22,(26,44)),69),64)),65),50),((33,49),78)),77),((7,((34,42),(75,76))),51)),(11,(((25,(56,58)),59),41)))),((((13,23),(((36,37),38),70)),(14,(31,43))),(21,47))),((20,40),66)),62)),67),(4,((19,35),((24,27),45)))),6),32),61);
tree 'PAUP_95' = [&U] (1,((((((((2,18),((52,63),57)),(68,(71,72))),((((((((((3,((8,53),(((17,73),48),74))),29),((12,55),(28,39))),((9,10),16)),60),((30,46),79)),((((((((5,(15,54)),(((22,(26,44)),69),64)),65),50),((33,49),78)),77),((7,((34,42),(75,76))),51)),(11,(((25,(56,58)),59),41)))),((((13,23),(((36,37),38),70)),(14,(31,43))),(21,47))),((20,40),66)),62)),67),(4,((19,35),((24,27),45)))),6),32),61);
tree 'PAUP_96' = [&U] (1,((((((((2,18),((52,63),57)),(68,(71,72))),((((((((((((3,(8,53)),((17,73),48)),74),29),((12,55),(28,39))),((9,10),16)),60),((30,46),79)),((((((((5,(15,54)),(((22,(26,44)),69),64)),65),50),((33,49),78)),77),((7,((34,42),(75,76))),51)),(11,(((25,(56,58)),59),41)))),((((13,23),(((36,37),38),70)),(14,(31,43))),(21,47))),((20,40),66)),62)),67),(4,((19,35),((24,27),45)))),6),32),61);
tree 'PAUP_97' = [&U] (1,((((((((2,18),((52,63),57)),(68,(71,72))),((((((((((((3,(8,53)),74),((17,73),48)),29),((12,55),(28,39))),((9,10),16)),60),((30,46),79)),((((((((5,(15,54)),(((22,(26,44)),69),64)),65),50),((33,49),78)),77),((7,((34,42),(75,76))),51)),(11,(((25,(56,58)),59),41)))),((((13,23),(((36,37),38),70)),(14,(31,43))),(21,47))),((20,40),66)),62)),67),(4,((19,35),((24,27),45)))),6),32),61);
tree 'PAUP_98' = [&U] (1,((((((((2,18),((52,63),57)),(68,(71,72))),(((((((((((((3,(8,53)),74),(17,73)),48),29),((12,55),(28,39))),((9,10),16)),60),((30,46),79)),((((((((5,(15,54)),(((22,(26,44)),69),64)),65),50),((33,49),78)),77),((7,((34,42),(75,76))),51)),(11,(((25,(56,58)),59),41)))),((((13,23),(((36,37),38),70)),(14,(31,43))),(21,47))),((20,40),66)),62)),67),(4,((19,35),((24,27),45)))),6),32),61);
tree 'PAUP_99' = [&U] (1,((((((((2,18),((52,63),57)),(68,(71,72))),(((((((((((((3,(8,53)),74),48),(17,73)),29),((12,55),(28,39))),((9,10),16)),60),((30,46),79)),((((((((5,(15,54)),(((22,(26,44)),69),64)),65),50),((33,49),78)),77),((7,((34,42),(75,76))),51)),(11,(((25,(56,58)),59),41)))),((((13,23),(((36,37),38),70)),(14,(31,43))),(21,47))),((20,40),66)),62)),67),(4,((19,35),((24,27),45)))),6),32),61);
tree 'PAUP_100' = [&U] (1,((((((((2,18),((52,63),57)),(68,(71,72))),((((((((((((3,(((17,73),48),74)),53),8),29),((12,55),(28,39))),((9,10),16)),60),((30,46),79)),((((((((5,(15,54)),((((22,44),26),69),64)),65),50),((33,49),78)),77),((7,((34,42),(75,76))),51)),(11,(((25,(56,58)),59),41)))),((((13,23),(((36,37),38),70)),(14,(31,43))),(21,47))),((20,40),66)),62)),67),(4,((19,35),((24,27),45)))),6),32),61);
End;
